this what it does genrate (400*x*(0 to 300_000_000 random ))*8 bytes of data
500:
  _fast_pure_rust_simd(500):1.072549ms
  _pure_rust(500):834.717µs
  _fast_pure_rust(500):259.893µs
    gb:0.0029810788109898567
    mb:3.0526247024536133
    kb:3125.8876953125
1000:
  _fast_pure_rust_simd(1000):4.571143ms
  _pure_rust(1000):2.553531ms
  _fast_pure_rust(1000):668.217µs
    gb:0.005961309187114239
    mb:6.1043806076049805
    kb:6250.8857421875
2000:
  _fast_pure_rust_simd(2000):5.985426ms
  _pure_rust(2000):3.789617ms
  _fast_pure_rust(2000):2.545312ms
    gb:0.011921778321266174
    mb:12.207901000976563
    kb:12500.890625
4000:
  _fast_pure_rust_simd(4000):3.618065ms
  _pure_rust(4000):7.29587ms
  _fast_pure_rust(4000):4.212671ms
    gb:0.02384269144386053
    mb:24.414916038513184
    kb:25000.8740234375
8000:
  _fast_pure_rust_simd(8000):7.630042ms
  _pure_rust(8000):14.366658ms
  _fast_pure_rust(8000):7.605157ms
    gb:0.04768458195030689
    mb:48.82901191711426
    kb:50000.908203125
16000:
  _fast_pure_rust_simd(16000):15.371409ms
  _pure_rust(16000):28.884026ms
  _fast_pure_rust(16000):16.919469ms
    gb:0.09536826703697443
    mb:97.65710544586182
    kb:100000.8759765625
32000:
  _fast_pure_rust_simd(32000):40.54038ms
  _pure_rust(32000):56.546143ms
  _fast_pure_rust(32000):32.92247ms
    gb:0.1907357070595026
    mb:195.31336402893066
    kb:200000.884765625
64000:
  _fast_pure_rust_simd(64000):74.63717ms
  _pure_rust(64000):110.942666ms
  _fast_pure_rust(64000):65.721077ms
    gb:0.38147058337926865
    mb:390.6258773803711
    kb:400000.8984375
128000:
  _fast_pure_rust_simd(128000):144.205433ms
  _pure_rust(128000):219.946914ms
  _fast_pure_rust(128000):138.035137ms
    gb:0.762940302491188
    mb:781.2508697509766
    kb:800000.890625
256000:
  _fast_pure_rust_simd(256000):274.581424ms
  _pure_rust(256000):427.104874ms
  _fast_pure_rust(256000):280.589807ms
    gb:1.5258797416463494
    mb:1562.5008554458618
    kb:1600000.8759765625
512000:
  _fast_pure_rust_simd(512000):483.609365ms
  _pure_rust(512000):859.638892ms
  _fast_pure_rust(512000):456.571143ms
    gb:3.0517586721107364
    mb:3125.000880241394
    kb:3200000.9013671875
1024000:
  _fast_pure_rust_simd(1024000):981.953886ms
  _pure_rust(1024000):1.763812307s
  _fast_pure_rust(1024000):854.432281ms
    gb:6.103516472503543
    mb:6250.000867843628
    kb:6400000.888671875
1124000:
  _fast_pure_rust_simd(1124000):974.420233ms
  _pure_rust(1124000):1.925387809s
  _fast_pure_rust(1124000):955.718791ms
    gb:6.699562928639352
    mb:6860.352438926697
    kb:7025000.8974609375
1224000:
  _fast_pure_rust_simd(1224000):1.09116794s
  _pure_rust(1224000):1.925879583s
  _fast_pure_rust(1224000):1.203542707s
    gb:7.29560936242342
    mb:7470.703987121582
    kb:7650000.8828125
1324000:
  _fast_pure_rust_simd(1324000):1.372565528s
  _pure_rust(1324000):1.974683487s
  _fast_pure_rust(1324000):1.340189597s
    gb:7.891655803658068
    mb:8081.055542945862
    kb:8275000.8759765625
1424000:
  _fast_pure_rust_simd(1424000):1.492293886s
  _pure_rust(1424000):2.106834942s
  _fast_pure_rust(1424000):1.436517832s
    gb:8.487702239304781
    mb:8691.407093048096
    kb:8900000.86328125
1524000:
  _fast_pure_rust_simd(1524000):3.402710372s
  _pure_rust(1524000):2.431942344s
  _fast_pure_rust(1524000):1.80506142s
    gb:9.083748702891171
    mb:9301.758671760559
    kb:9525000.879882813
1624000:
  _fast_pure_rust_simd(1624000):4.477445444s
