this what it does genrate (400*x*(0 to 300_000_000 random ))*8 bytes of data
500:
  _fast_pure_rust_simd(500):9.6798ms
  _pure_rust(500):2.441833ms
  _fast_pure_rust(500):2.606825ms
    gb:0.0029810629785060883
    mb:3.0526084899902344
    kb:3125.87109375
1000:
  _fast_pure_rust_simd(1000):10.636491ms
  _pure_rust(1000):5.383517ms
  _fast_pure_rust(1000):2.180642ms
    gb:0.005961320362985134
    mb:6.104392051696777
    kb:6250.8974609375
2000:
  _fast_pure_rust_simd(2000):17.717917ms
  _pure_rust(2000):6.1906ms
  _fast_pure_rust(2000):3.635234ms
    gb:0.011921776458621025
    mb:12.20789909362793
    kb:12500.888671875
4000:
  _fast_pure_rust_simd(4000):31.942841ms
  _pure_rust(4000):8.815517ms
  _fast_pure_rust(4000):5.245825ms
    gb:0.02384270168840885
    mb:24.414926528930664
    kb:25000.884765625
8000:
  _fast_pure_rust_simd(8000):42.078075ms
  _pure_rust(8000):16.518884ms
  _fast_pure_rust(8000):8.733833ms
    gb:0.0476845670491457
    mb:48.828996658325195
    kb:50000.892578125
16000:
  _fast_pure_rust_simd(16000):50.067441ms
  _pure_rust(16000):30.86655ms
  _fast_pure_rust(16000):15.887083ms
    gb:0.0953682828694582
    mb:97.6571216583252
    kb:100000.892578125
32000:
  _fast_pure_rust_simd(32000):180.166025ms
  _pure_rust(32000):141.465675ms
  _fast_pure_rust(32000):46.977233ms
    gb:0.1907357145100832
    mb:195.3133716583252
    kb:200000.892578125
64000:
  _fast_pure_rust_simd(64000):182.930475ms
  _pure_rust(64000):123.689259ms
  _fast_pure_rust(64000):59.694808ms
    gb:0.3814705442637205
    mb:390.6258373260498
    kb:400000.857421875
128000:
  _fast_pure_rust_simd(128000):347.9099ms
  _pure_rust(128000):240.086275ms
  _fast_pure_rust(128000):132.90095ms
    gb:0.7629402913153172
    mb:781.2508583068848
    kb:800000.87890625
256000:
  _fast_pure_rust_simd(256000):470.296992ms
  _pure_rust(256000):464.547741ms
  _fast_pure_rust(256000):286.812392ms
    gb:1.52587974909693
    mb:1562.5008630752563
    kb:1600000.8837890625
512000:
  _fast_pure_rust_simd(512000):872.476041ms
  _pure_rust(512000):1.053782059s
  _fast_pure_rust(512000):643.643108ms
    gb:3.0517586646601558
    mb:3125.0008726119995
    kb:3200000.8935546875
1024000:
  _fast_pure_rust_simd(1024000):4.180320625s
  _pure_rust(1024000):3.701214616s
  _fast_pure_rust(1024000):4.040193084s
    gb:6.103516461327672
    mb:6250.000856399536
    kb:6400000.876953125
1124000:
  _fast_pure_rust_simd(1124000):3.612899008s
