this what it does genrate (400*x*(0 to 300_000_000 random ))*8 bytes of data
500:
  _fast_pure_rust_simd(500):13.080925ms
  _pure_rust(500):2.308475ms
  _fast_pure_rust(500):1.410717ms
    gb:0.0029810797423124313
    mb:3.0526256561279297
    kb:3125.888671875
1000:
  _fast_pure_rust_simd(1000):9.647733ms
  _pure_rust(1000):4.347308ms
  _fast_pure_rust(1000):1.880884ms
    gb:0.005961313843727112
    mb:6.1043853759765625
    kb:6250.890625
2000:
  _fast_pure_rust_simd(2000):23.259492ms
  _pure_rust(2000):7.196584ms
  _fast_pure_rust(2000):3.510108ms
    gb:0.011921771802008152
    mb:12.207894325256348
    kb:12500.8837890625
4000:
  _fast_pure_rust_simd(4000):28.674425ms
  _pure_rust(4000):11.281833ms
  _fast_pure_rust(4000):4.879008ms
    gb:0.023842716589570045
    mb:24.414941787719727
    kb:25000.900390625
8000:
  _fast_pure_rust_simd(8000):40.415375ms
  _pure_rust(8000):16.514442ms
  _fast_pure_rust(8000):9.09675ms
    gb:0.0476845595985651
    mb:48.828989028930664
    kb:50000.884765625
16000:
  _fast_pure_rust_simd(16000):60.923742ms
  _pure_rust(16000):30.840658ms
  _fast_pure_rust(16000):16.071358ms
    gb:0.09536827355623245
    mb:97.65711212158203
    kb:100000.8828125
32000:
  _fast_pure_rust_simd(32000):142.198117ms
  _pure_rust(32000):68.888191ms
  _fast_pure_rust(32000):30.592792ms
    gb:0.1907357182353735
    mb:195.31337547302246
    kb:200000.896484375
64000:
  _fast_pure_rust_simd(64000):217.6486ms
  _pure_rust(64000):146.648884ms
  _fast_pure_rust(64000):77.0289ms
    gb:0.3814705703407526
    mb:390.62586402893066
    kb:400000.884765625
128000:
  _fast_pure_rust_simd(128000):428.995234ms
  _pure_rust(128000):233.428217ms
  _fast_pure_rust(128000):126.341692ms
    gb:0.7629402941092849
    mb:781.2508611679077
    kb:800000.8818359375
256000:
  _fast_pure_rust_simd(256000):453.187258ms
  _pure_rust(256000):466.414867ms
  _fast_pure_rust(256000):274.574625ms
    gb:1.5258797463029623
    mb:1562.5008602142334
    kb:1600000.880859375
512000:
  _fast_pure_rust_simd(512000):825.173375ms
  _pure_rust(512000):991.38845ms
  _fast_pure_rust(512000):572.816725ms
    gb:3.0517586646601558
    mb:3125.0008726119995
    kb:3200000.8935546875
1024000:
  _fast_pure_rust_simd(1024000):2.786159025s
  _pure_rust(1024000):4.122430433s
  _fast_pure_rust(1024000):4.930715942s
    gb:6.103516490198672
    mb:6250.00088596344
    kb:6400000.9072265625
1124000:
